00000111011
00000000011
00100111011
00000000011
00101111011
00000000011
01010011011
00000000011
01101011011
00000000011
00011011011
00000000011
01010011011
00000000011
00111011011
00000000011
01100111011
00000000011
00010111011
00000000011
01110111011
00000000011
01111011011
00000000011
01000110011
00000000011
00000010011
00000000011
01100011011
00000000011
01111011011
00000000011
01100111011
00000000011
00000010011
00000000011
01100011011
00000000011
01111011011
00000000011
01100111011
00000000011
00000010011
00000000011
01100011011
00000000011
01111011011
00000000011
01100111011
00000000011
