  0.0000000e+000  5.1162592e-002
  1.0000000e-002 -3.7454972e-002
  2.0000000e-002  9.5460286e-002
  3.0000000e-002  1.9311586e-001
  4.0000000e-002  2.6243598e-001
  5.0000000e-002  2.2699993e-001
  6.0000000e-002 -2.1575427e-001
  7.0000000e-002  7.0542436e-002
  8.0000000e-002 -2.4534050e-001
  9.0000000e-002  2.2307247e-001
  1.0000000e-001 -6.5678682e-002
  1.1000000e-001 -5.1370989e-001
  1.2000000e-001  6.1665919e-002
  1.3000000e-001  2.7086716e-001
  1.4000000e-001 -7.4394524e-002
  1.5000000e-001 -4.9840039e-001
  1.6000000e-001 -8.3433641e-002
  1.7000000e-001 -2.7198356e-003
  1.8000000e-001 -3.3324772e-001
  1.9000000e-001  2.5422546e-001
  2.0000000e-001 -2.8238831e-001
  2.1000000e-001  1.4947594e-001
  2.2000000e-001  2.6768311e-001
  2.3000000e-001 -4.0576039e-001
  2.4000000e-001 -3.3741186e-001
  2.5000000e-001 -2.9024716e-001
  2.6000000e-001 -3.5051300e-002
  2.7000000e-001 -2.2413691e-001
  2.8000000e-001  5.4172509e-002
  2.9000000e-001 -7.9063944e-002
  3.0000000e-001 -1.8205118e-001
  3.1000000e-001 -1.2234003e-001
  3.2000000e-001 -1.9288203e-001
  3.3000000e-001 -2.9614593e-001
  3.4000000e-001 -2.8792883e-001
  3.5000000e-001  1.3370013e-002
  3.6000000e-001 -8.9620326e-002
  3.7000000e-001 -4.8844226e-001
  3.8000000e-001 -6.2162587e-002
  3.9000000e-001 -4.0115721e-002
  4.0000000e-001 -1.2687841e-001
  4.1000000e-001 -8.5931280e-002
  4.2000000e-001 -3.1856578e-002
  4.3000000e-001 -3.8944310e-001
  4.4000000e-001 -2.3499228e-001
  4.5000000e-001 -1.7960062e-001
  4.6000000e-001 -2.5863488e-001
  4.7000000e-001  9.0144671e-002
  4.8000000e-001  2.0356005e-001
  4.9000000e-001 -3.2962265e-001
  5.0000000e-001 -4.4846792e-001
  5.1000000e-001 -5.9585477e-002
  5.2000000e-001 -4.0738113e-001
  5.3000000e-001 -2.0270307e-001
  5.4000000e-001 -1.7374931e-001
  5.5000000e-001 -3.2202284e-001
  5.6000000e-001 -8.7902195e-002
  5.7000000e-001 -3.1901922e-001
  5.8000000e-001  1.5749751e-002
  5.9000000e-001  2.9650622e-001
  6.0000000e-001 -1.4154846e-001
  6.1000000e-001 -2.8778375e-001
  6.2000000e-001  2.9737708e-001
  6.3000000e-001  2.9927331e-002
  6.4000000e-001 -1.0971421e-001
  6.5000000e-001 -3.6679266e-001
  6.6000000e-001 -3.3006949e-001
  6.7000000e-001 -4.2606833e-001
  6.8000000e-001 -2.0208904e-002
  6.9000000e-001 -1.1027448e-001
  7.0000000e-001 -5.4045516e-001
  7.1000000e-001 -2.6914169e-001
  7.2000000e-001 -2.4448913e-001
  7.3000000e-001 -1.9331722e-001
  7.4000000e-001 -1.3556534e-001
  7.5000000e-001 -3.2909176e-001
  7.6000000e-001 -9.6226171e-003
  7.7000000e-001  1.7708641e-001
  7.8000000e-001 -3.9335253e-001
  7.9000000e-001 -4.7559543e-001
  8.0000000e-001 -3.0029991e-001
  8.1000000e-001 -3.0622508e-001
  8.2000000e-001 -2.5413568e-001
  8.3000000e-001 -3.8356125e-001
  8.4000000e-001 -2.5988799e-001
  8.5000000e-001 -2.1184177e-001
  8.6000000e-001 -3.9856298e-001
  8.7000000e-001 -2.0725883e-001
  8.8000000e-001  2.0552405e-001
  8.9000000e-001  4.9679488e-002
  9.0000000e-001 -1.1483336e-001
  9.1000000e-001 -3.0540450e-001
  9.2000000e-001 -2.3430985e-001
  9.3000000e-001 -5.7910765e-002
  9.4000000e-001 -1.0090595e-001
  9.5000000e-001 -1.4883512e-001
  9.6000000e-001 -4.7934452e-001
  9.7000000e-001  7.9578843e-002
  9.8000000e-001 -1.2882964e-001
  9.9000000e-001  3.4420513e-001
  1.0000000e+000 -2.1236359e-001
  1.0100000e+000 -4.1061177e-001
  1.0200000e+000 -1.0045627e-002
  1.0300000e+000 -9.1445620e-002
  1.0400000e+000 -3.0461286e-001
  1.0500000e+000 -3.2700391e-001
  1.0600000e+000 -6.2513990e-001
  1.0700000e+000  1.5397873e-001
  1.0800000e+000 -4.5278993e-001
  1.0900000e+000 -2.0399246e-001
  1.1000000e+000 -1.5381512e-001
  1.1100000e+000 -1.3979730e-001
  1.1200000e+000 -1.2794256e-001
  1.1300000e+000 -1.2046342e-001
  1.1400000e+000  8.4605679e-002
  1.1500000e+000 -4.7304154e-001
  1.1600000e+000 -2.9550701e-001
  1.1700000e+000 -2.5238216e-001
  1.1800000e+000 -3.0821742e-001
  1.1900000e+000 -3.8690547e-001
  1.2000000e+000  2.8639904e-003
  1.2100000e+000 -3.0958436e-001
  1.2200000e+000  2.0551034e-001
  1.2300000e+000 -1.5456962e-001
  1.2400000e+000  4.4349054e-002
  1.2500000e+000 -2.3845223e-001
  1.2600000e+000 -5.0113259e-001
  1.2700000e+000 -3.5046143e-001
  1.2800000e+000  2.1753706e-001
  1.2900000e+000  1.7402447e-002
  1.3000000e+000  2.1393505e-001
  1.3100000e+000 -3.4463893e-002
  1.3200000e+000 -3.5492011e-002
  1.3300000e+000 -1.2354429e-002
  1.3400000e+000 -1.4917516e-001
  1.3500000e+000  7.9377005e-002
  1.3600000e+000  2.9727959e-001
  1.3700000e+000  3.4255725e-001
  1.3800000e+000  2.1978819e-001
  1.3900000e+000  9.4545883e-002
  1.4000000e+000 -4.1692426e-001
  1.4100000e+000 -8.3439809e-002
  1.4200000e+000 -3.2074060e-001
  1.4300000e+000 -1.9049613e-001
  1.4400000e+000  4.0534050e-001
  1.4500000e+000 -1.8484724e-001
  1.4600000e+000 -2.6236419e-001
  1.4700000e+000  4.7435534e-003
  1.4800000e+000  2.5874409e-001
  1.4900000e+000  1.1793551e-001
  1.5000000e+000 -1.2043536e-001
  1.5100000e+000  1.5906396e-001
  1.5200000e+000  2.5437947e-001
  1.5300000e+000  9.5651806e-002
  1.5400000e+000  1.7811692e-001
  1.5500000e+000  1.0360509e-001
  1.5600000e+000  1.3349274e-002
  1.5700000e+000 -1.4151139e-001
  1.5800000e+000 -8.8858386e-003
  1.5900000e+000  3.9938612e-001
  1.6000000e+000  1.6798300e-001
  1.6100000e+000  8.0881466e-002
  1.6200000e+000  6.7016868e-002
  1.6300000e+000 -9.3214955e-003
  1.6400000e+000  1.2417224e-001
  1.6500000e+000  1.4600966e-001
  1.6600000e+000  7.2890289e-002
  1.6700000e+000  2.7371372e-001
  1.6800000e+000 -1.5372568e-001
  1.6900000e+000 -1.1972766e-002
  1.7000000e+000  2.2671029e-001
  1.7100000e+000  2.8175661e-001
  1.7200000e+000  3.8399082e-001
  1.7300000e+000  1.2061503e-001
  1.7400000e+000  4.2514735e-001
  1.7500000e+000  1.2802793e-001
  1.7600000e+000  5.0165198e-002
  1.7700000e+000  5.3415367e-001
  1.7800000e+000  6.9653591e-002
  1.7900000e+000  2.6214592e-001
  1.8000000e+000  3.7056524e-001
  1.8100000e+000 -1.9980093e-001
  1.8200000e+000 -9.0090043e-002
  1.8300000e+000  5.7930907e-002
  1.8400000e+000  5.5127586e-001
  1.8500000e+000  8.8011906e-002
  1.8600000e+000  5.3875092e-001
  1.8700000e+000  2.0165724e-001
  1.8800000e+000  2.5781035e-001
  1.8900000e+000 -2.2799273e-002
  1.9000000e+000  3.1853222e-001
  1.9100000e+000  3.3198037e-001
  1.9200000e+000  1.0627439e-001
  1.9300000e+000 -4.3836078e-002
  1.9400000e+000  4.5520187e-001
  1.9500000e+000  2.5455440e-001
  1.9600000e+000  1.7216128e-001
  1.9700000e+000  1.8221385e-001
  1.9800000e+000 -1.7660510e-002
  1.9900000e+000  3.9093694e-001
  2.0000000e+000  3.4263237e-001
  2.0100000e+000 -7.0195989e-002
  2.0200000e+000  5.5853252e-002
  2.0300000e+000  1.4018345e-001
  2.0400000e+000  8.5553111e-002
  2.0500000e+000  4.7763593e-001
  2.0600000e+000  5.3522490e-001
  2.0700000e+000  5.7067631e-001
  2.0800000e+000  2.2085476e-001
  2.0900000e+000  1.4048643e-001
  2.1000000e+000  3.2610134e-001
  2.1100000e+000  2.6216974e-001
  2.1200000e+000  1.3952054e-001
  2.1300000e+000  3.9036442e-001
  2.1400000e+000  1.0033903e-001
  2.1500000e+000  5.9166927e-001
  2.1600000e+000  4.3844274e-001
  2.1700000e+000  4.6158932e-001
  2.1800000e+000  3.3466579e-001
  2.1900000e+000  6.5171498e-002
  2.2000000e+000  2.0730132e-001
  2.2100000e+000  4.0947406e-001
  2.2200000e+000  5.0422745e-001
  2.2300000e+000  4.9586036e-001
  2.2400000e+000  6.0158013e-001
  2.2500000e+000  5.0122795e-001
  2.2600000e+000  7.0465973e-001
  2.2700000e+000  8.5175571e-001
  2.2800000e+000  5.1793794e-002
  2.2900000e+000  2.9996052e-001
  2.3000000e+000  2.6838379e-001
  2.3100000e+000  3.2308326e-001
  2.3200000e+000  5.8548424e-001
  2.3300000e+000  6.5516663e-001
  2.3400000e+000  2.6880035e-001
  2.3500000e+000  3.7199364e-001
  2.3600000e+000  5.6235253e-001
  2.3700000e+000  4.4731795e-001
  2.3800000e+000  2.9399860e-001
  2.3900000e+000  7.5781936e-001
  2.4000000e+000  3.1720365e-001
  2.4100000e+000  5.2380574e-001
  2.4200000e+000  8.1789967e-001
  2.4300000e+000  7.8381543e-001
  2.4400000e+000  6.1199909e-001
  2.4500000e+000  2.6687947e-001
  2.4600000e+000  8.0015311e-001
  2.4700000e+000  5.5866021e-001
  2.4800000e+000  2.9462979e-001
  2.4900000e+000  5.6441611e-001
  2.5000000e+000  3.2978770e-001
  2.5100000e+000  6.4392700e-001
  2.5200000e+000  7.8397002e-001
  2.5300000e+000  6.9304020e-001
  2.5400000e+000  3.0093482e-001
  2.5500000e+000  1.0079399e+000
  2.5600000e+000  6.9504282e-001
  2.5700000e+000  5.8131842e-001
  2.5800000e+000  5.9891183e-001
  2.5900000e+000  5.1469598e-001
  2.6000000e+000  4.7668360e-001
  2.6100000e+000  7.2480952e-001
  2.6200000e+000  5.5162577e-001
  2.6300000e+000  7.3067903e-001
  2.6400000e+000  4.0985135e-001
  2.6500000e+000  6.1432266e-001
  2.6600000e+000  7.3308632e-001
  2.6700000e+000  2.9153077e-001
  2.6800000e+000  4.6273764e-001
  2.6900000e+000  3.2357064e-001
  2.7000000e+000  5.8523883e-001
  2.7100000e+000  7.1984441e-001
  2.7200000e+000  4.3324736e-001
  2.7300000e+000  8.6897156e-001
  2.7400000e+000  6.2524678e-001
  2.7500000e+000  8.2560271e-001
  2.7600000e+000  7.9732362e-001
  2.7700000e+000  6.0111752e-001
  2.7800000e+000  7.2301647e-001
  2.7900000e+000  4.7172438e-001
  2.8000000e+000  4.5715994e-001
  2.8100000e+000  8.3051288e-001
  2.8200000e+000  8.4169244e-001
  2.8300000e+000  6.5939238e-001
  2.8400000e+000  6.5233216e-001
  2.8500000e+000  7.8247157e-001
  2.8600000e+000  8.2785693e-001
  2.8700000e+000  6.4537732e-001
  2.8800000e+000  7.9574247e-001
  2.8900000e+000  9.4041115e-001
  2.9000000e+000  1.0840874e+000
  2.9100000e+000  7.9911801e-001
  2.9200000e+000  4.0528093e-001
  2.9300000e+000  6.6318781e-001
  2.9400000e+000  4.9566792e-001
  2.9500000e+000  1.5572475e-001
  2.9600000e+000  3.4624887e-001
  2.9700000e+000  7.8516509e-001
  2.9800000e+000  4.6278970e-001
  2.9900000e+000  5.5132534e-001
  3.0000000e+000  6.4133865e-001
  3.0100000e+000  5.4126471e-001
  3.0200000e+000  7.9047222e-001
  3.0300000e+000  5.1937012e-001
  3.0400000e+000  4.0078460e-001
  3.0500000e+000  3.5290624e-001
  3.0600000e+000  1.1775078e+000
  3.0700000e+000  7.9829991e-001
  3.0800000e+000  7.4115715e-001
  3.0900000e+000  1.0498080e+000
  3.1000000e+000  7.6507759e-001
  3.1100000e+000  7.9237299e-001
  3.1200000e+000  6.3286946e-001
  3.1300000e+000  8.7300872e-001
  3.1400000e+000  8.9340770e-001
  3.1500000e+000  6.4279600e-001
  3.1600000e+000  6.7449781e-001
  3.1700000e+000  7.3489148e-001
  3.1800000e+000  4.9191005e-001
  3.1900000e+000  7.6070634e-001
  3.2000000e+000  5.6198426e-001
  3.2100000e+000  8.7410892e-001
  3.2200000e+000  6.8759929e-001
  3.2300000e+000  3.6926353e-001
  3.2400000e+000  1.0952276e+000
  3.2500000e+000  1.0057409e+000
  3.2600000e+000  7.0622642e-001
  3.2700000e+000  8.0359673e-001
  3.2800000e+000  6.0389447e-001
  3.2900000e+000  5.6558845e-001
  3.3000000e+000  5.8934767e-001
  3.3100000e+000  8.2392891e-001
  3.3200000e+000  5.1654624e-001
  3.3300000e+000  8.0844876e-001
  3.3400000e+000  1.1121454e+000
  3.3500000e+000  6.8316885e-001
  3.3600000e+000  7.1248058e-001
  3.3700000e+000  8.3016713e-001
  3.3800000e+000  1.1910407e+000
  3.3900000e+000  1.1012804e+000
  3.4000000e+000  8.7781612e-001
  3.4100000e+000  1.0749100e+000
  3.4200000e+000  6.3664243e-001
  3.4300000e+000  1.0487428e+000
  3.4400000e+000  8.0783992e-001
  3.4500000e+000  8.4824617e-001
  3.4600000e+000  8.2634369e-001
  3.4700000e+000  6.1677139e-001
  3.4800000e+000  1.0537722e+000
  3.4900000e+000  6.0716924e-001
  3.5000000e+000  7.9733666e-001
  3.5100000e+000  9.3120346e-001
  3.5200000e+000  8.1356494e-001
  3.5300000e+000  7.2790335e-001
  3.5400000e+000  1.2613336e+000
  3.5500000e+000  9.3460823e-001
  3.5600000e+000  7.0846389e-001
  3.5700000e+000  1.1378967e+000
  3.5800000e+000  1.0263322e+000
  3.5900000e+000  1.2538374e+000
  3.6000000e+000  8.8080912e-001
  3.6100000e+000  8.1389977e-001
  3.6200000e+000  6.9448001e-001
  3.6300000e+000  7.3984689e-001
  3.6400000e+000  1.0287260e+000
  3.6500000e+000  7.3406171e-001
  3.6600000e+000  7.1188454e-001
  3.6700000e+000  7.3660720e-001
  3.6800000e+000  1.2065601e+000
  3.6900000e+000  4.8003775e-001
  3.7000000e+000  7.7499757e-001
  3.7100000e+000  1.0794400e+000
  3.7200000e+000  1.1280029e+000
  3.7300000e+000  1.0073541e+000
  3.7400000e+000  1.0171795e+000
  3.7500000e+000  9.4375690e-001
  3.7600000e+000  1.3482884e+000
  3.7700000e+000  9.9298379e-001
  3.7800000e+000  6.7102912e-001
  3.7900000e+000  1.0549800e+000
  3.8000000e+000  8.2075027e-001
  3.8100000e+000  1.2541575e+000
  3.8200000e+000  5.1638079e-001
  3.8300000e+000  8.9406129e-001
  3.8400000e+000  9.7558239e-001
  3.8500000e+000  8.5861007e-001
  3.8600000e+000  9.3340783e-001
  3.8700000e+000  1.1033735e+000
  3.8800000e+000  1.1261437e+000
  3.8900000e+000  5.0922990e-001
  3.9000000e+000  1.0907017e+000
  3.9100000e+000  5.0468453e-001
  3.9200000e+000  6.7862329e-001
  3.9300000e+000  1.0113106e+000
  3.9400000e+000  9.0792370e-001
  3.9500000e+000  8.6077408e-001
  3.9600000e+000  1.0427503e+000
  3.9700000e+000  7.5863447e-001
  3.9800000e+000  9.4210999e-001
  3.9900000e+000  7.2593207e-001
  4.0000000e+000  1.2059762e+000
  4.0100000e+000  9.3097778e-001
  4.0200000e+000  1.2865671e+000
  4.0300000e+000  1.0758045e+000
  4.0400000e+000  8.4755108e-001
  4.0500000e+000  5.5451170e-001
  4.0600000e+000  1.0193267e+000
  4.0700000e+000  9.2536263e-001
  4.0800000e+000  1.0014170e+000
  4.0900000e+000  9.6603869e-001
  4.1000000e+000  9.8332488e-001
  4.1100000e+000  8.3230836e-001
  4.1200000e+000  4.1671729e-001
  4.1300000e+000  8.5072028e-001
  4.1400000e+000  9.6694023e-001
  4.1500000e+000  9.3687002e-001
  4.1600000e+000  9.7129262e-001
  4.1700000e+000  8.3509511e-001
  4.1800000e+000  7.8905911e-001
  4.1900000e+000  1.1513460e+000
  4.2000000e+000  8.1753835e-001
  4.2100000e+000  6.8093345e-001
  4.2200000e+000  8.6880882e-001
  4.2300000e+000  1.0232047e+000
  4.2400000e+000  1.1879979e+000
  4.2500000e+000  9.6763646e-001
  4.2600000e+000  1.3005275e+000
  4.2700000e+000  6.9566281e-001
  4.2800000e+000  8.4641981e-001
  4.2900000e+000  9.4696160e-001
  4.3000000e+000  9.3764033e-001
  4.3100000e+000  4.3938936e-001
  4.3200000e+000  1.1606632e+000
  4.3300000e+000  5.7721180e-001
  4.3400000e+000  1.0169686e+000
  4.3500000e+000  1.1588768e+000
  4.3600000e+000  9.6326623e-001
  4.3700000e+000  7.3910783e-001
  4.3800000e+000  9.2115933e-001
  4.3900000e+000  8.1273613e-001
  4.4000000e+000  1.1097587e+000
  4.4100000e+000  8.7621351e-001
  4.4200000e+000  1.2155676e+000
  4.4300000e+000  8.0121483e-001
  4.4400000e+000  8.7076022e-001
  4.4500000e+000  1.1116762e+000
  4.4600000e+000  8.4041486e-001
  4.4700000e+000  9.1394607e-001
  4.4800000e+000  7.7348672e-001
  4.4900000e+000  8.2782346e-001
  4.5000000e+000  9.6511860e-001
  4.5100000e+000  5.8931034e-001
  4.5200000e+000  5.7078075e-001
  4.5300000e+000  7.8863145e-001
  4.5400000e+000  7.5008721e-001
  4.5500000e+000  8.1370436e-001
  4.5600000e+000  1.0770813e+000
  4.5700000e+000  8.5693204e-001
  4.5800000e+000  9.3186852e-001
  4.5900000e+000  9.2561458e-001
  4.6000000e+000  8.5653540e-001
  4.6100000e+000  8.6020712e-001
  4.6200000e+000  5.5037439e-001
  4.6300000e+000  9.8606097e-001
  4.6400000e+000  9.5122933e-001
  4.6500000e+000  1.1449450e+000
  4.6600000e+000  8.4839795e-001
  4.6700000e+000  4.4221803e-001
  4.6800000e+000  7.9324681e-001
  4.6900000e+000  1.0481732e+000
  4.7000000e+000  1.0826458e+000
  4.7100000e+000  7.6595281e-001
  4.7200000e+000  7.6995781e-001
  4.7300000e+000  1.0304198e+000
  4.7400000e+000  6.2049567e-001
  4.7500000e+000  9.4535051e-001
  4.7600000e+000  9.6761137e-001
  4.7700000e+000  1.0784416e+000
  4.7800000e+000  7.3192514e-001
  4.7900000e+000  7.3859069e-001
  4.8000000e+000  1.1130140e+000
  4.8100000e+000  9.2597164e-001
  4.8200000e+000  1.2476568e+000
  4.8300000e+000  1.1623229e+000
  4.8400000e+000  6.2260924e-001
  4.8500000e+000  1.4451747e+000
  4.8600000e+000  8.2768969e-001
  4.8700000e+000  1.0279463e+000
  4.8800000e+000  8.5355731e-001
  4.8900000e+000  1.0664643e+000
  4.9000000e+000  8.1741868e-001
  4.9100000e+000  6.8098193e-001
  4.9200000e+000  7.5738201e-001
  4.9300000e+000  1.0124602e+000
  4.9400000e+000  7.9327780e-001
  4.9500000e+000  9.7216470e-001
  4.9600000e+000  6.2291882e-001
  4.9700000e+000  1.1862688e+000
  4.9800000e+000  9.0226378e-001
  4.9900000e+000  6.8568574e-001
  5.0000000e+000  8.1270798e-001
  5.0100000e+000  9.1421287e-001
  5.0200000e+000  9.6545265e-001
  5.0300000e+000  9.2703542e-001
  5.0400000e+000  1.0278425e+000
  5.0500000e+000  5.8305623e-001
  5.0600000e+000  9.1571838e-001
  5.0700000e+000  9.6484213e-001
  5.0800000e+000  9.8180284e-001
  5.0900000e+000  7.9789674e-001
  5.1000000e+000  9.3217596e-001
  5.1100000e+000  9.0345575e-001
  5.1200000e+000  7.6661377e-001
  5.1300000e+000  1.0107638e+000
  5.1400000e+000  7.6955568e-001
  5.1500000e+000  1.1237606e+000
  5.1600000e+000  9.2069757e-001
  5.1700000e+000  9.1848109e-001
  5.1800000e+000  8.8470648e-001
  5.1900000e+000  9.4530051e-001
  5.2000000e+000  9.6329588e-001
  5.2100000e+000  6.4915488e-001
  5.2200000e+000  5.9131665e-001
  5.2300000e+000  3.9340627e-001
  5.2400000e+000  7.4927787e-001
  5.2500000e+000  9.1591186e-001
  5.2600000e+000  8.5667915e-001
  5.2700000e+000  1.1569366e+000
  5.2800000e+000  6.4776765e-001
  5.2900000e+000  4.7669621e-001
  5.3000000e+000  9.8319130e-001
  5.3100000e+000  8.8409874e-001
  5.3200000e+000  9.1092469e-001
  5.3300000e+000  1.0262356e+000
  5.3400000e+000  9.3828013e-001
  5.3500000e+000  7.4446956e-001
  5.3600000e+000  7.9502791e-001
  5.3700000e+000  7.7786559e-001
  5.3800000e+000  1.0909914e+000
  5.3900000e+000  9.2624337e-001
  5.4000000e+000  4.7735219e-001
  5.4100000e+000  9.7396169e-001
  5.4200000e+000  6.7652117e-001
  5.4300000e+000  8.1051435e-001
  5.4400000e+000  6.0230735e-001
  5.4500000e+000  7.7959701e-001
  5.4600000e+000  6.8716153e-001
  5.4700000e+000  1.0009759e+000
  5.4800000e+000  5.6829120e-001
  5.4900000e+000  5.8133609e-001
  5.5000000e+000  7.6877677e-001
  5.5100000e+000  9.5214172e-001
  5.5200000e+000  8.7574017e-001
  5.5300000e+000  8.2469969e-001
  5.5400000e+000  7.8907071e-001
  5.5500000e+000  4.6451877e-001
  5.5600000e+000  9.7897323e-001
  5.5700000e+000  7.5337275e-001
  5.5800000e+000  8.4044408e-001
  5.5900000e+000  7.9051436e-001
  5.6000000e+000  6.8032928e-001
  5.6100000e+000  8.8285853e-001
  5.6200000e+000  6.9904819e-001
  5.6300000e+000  7.4327921e-001
  5.6400000e+000  7.9258763e-001
  5.6500000e+000  8.9453683e-001
  5.6600000e+000  7.1521865e-001
  5.6700000e+000  8.7519868e-001
  5.6800000e+000  6.2993573e-001
  5.6900000e+000  6.9030652e-001
  5.7000000e+000  9.4101068e-001
  5.7100000e+000  7.1714141e-001
  5.7200000e+000  1.1653391e+000
  5.7300000e+000  1.0031598e+000
  5.7400000e+000  7.8553223e-001
  5.7500000e+000  8.3143862e-001
  5.7600000e+000  6.9832610e-001
  5.7700000e+000  1.0573630e+000
  5.7800000e+000  7.1840321e-001
  5.7900000e+000  3.8540942e-001
  5.8000000e+000  7.8992464e-001
  5.8100000e+000  3.2128301e-001
  5.8200000e+000  1.0650006e+000
  5.8300000e+000  8.4509882e-001
  5.8400000e+000  6.2995560e-001
  5.8500000e+000  7.3994621e-001
  5.8600000e+000  5.7857539e-001
  5.8700000e+000  7.9728830e-001
  5.8800000e+000  6.3011520e-001
  5.8900000e+000  2.7110368e-001
  5.9000000e+000  7.3163306e-001
  5.9100000e+000  7.6941662e-001
  5.9200000e+000  6.9145063e-001
  5.9300000e+000  1.0272102e+000
  5.9400000e+000  7.4701563e-001
  5.9500000e+000  7.5432185e-001
  5.9600000e+000  8.8741929e-001
  5.9700000e+000  8.1889497e-001
  5.9800000e+000  6.3547558e-001
  5.9900000e+000  9.7357648e-001
  6.0000000e+000  1.2049480e+000
  6.0100000e+000  8.8309348e-001
  6.0200000e+000  4.8114468e-001
  6.0300000e+000  6.6926303e-001
  6.0400000e+000  7.6623272e-001
  6.0500000e+000  1.0431564e+000
  6.0600000e+000  7.9277530e-001
  6.0700000e+000  4.8312368e-001
  6.0800000e+000  9.2782935e-001
  6.0900000e+000  1.0336991e+000
  6.1000000e+000  4.7272459e-001
  6.1100000e+000  9.4578234e-001
  6.1200000e+000  7.8205086e-001
  6.1300000e+000  3.5630919e-001
  6.1400000e+000  7.3256950e-001
  6.1500000e+000  9.6468020e-001
  6.1600000e+000  6.3624672e-001
  6.1700000e+000  8.7054219e-001
  6.1800000e+000  1.0305461e+000
  6.1900000e+000  1.0061941e+000
  6.2000000e+000  1.0308693e+000
  6.2100000e+000  7.4960584e-001
  6.2200000e+000  5.1801583e-001
  6.2300000e+000  8.0713156e-001
  6.2400000e+000  6.1750900e-001
  6.2500000e+000  8.9950631e-001
  6.2600000e+000  1.1865089e+000
  6.2700000e+000  5.2732654e-001
  6.2800000e+000  9.8241687e-001
  6.2900000e+000  9.3692481e-001
  6.3000000e+000  7.8640537e-001
  6.3100000e+000  7.2047279e-001
  6.3200000e+000  1.0145046e+000
  6.3300000e+000  8.4524688e-001
  6.3400000e+000  8.8668086e-001
  6.3500000e+000  9.0492577e-001
  6.3600000e+000  7.1277835e-001
  6.3700000e+000  5.4024672e-001
  6.3800000e+000  7.0128607e-001
  6.3900000e+000  1.0633696e+000
  6.4000000e+000  5.9543472e-001
  6.4100000e+000  7.9744137e-001
  6.4200000e+000  6.8072936e-001
  6.4300000e+000  7.7360489e-001
  6.4400000e+000  8.1700152e-001
  6.4500000e+000  7.3385265e-001
  6.4600000e+000  7.0245669e-001
  6.4700000e+000  1.0326123e+000
  6.4800000e+000  8.0183814e-001
  6.4900000e+000  8.7368819e-001
  6.5000000e+000  5.9898835e-001
  6.5100000e+000  8.9699074e-001
  6.5200000e+000  6.0044097e-001
  6.5300000e+000  6.4619552e-001
  6.5400000e+000  3.2272147e-001
  6.5500000e+000  7.5163194e-001
  6.5600000e+000  9.3336619e-001
  6.5700000e+000  4.5163252e-001
  6.5800000e+000  3.1396944e-001
  6.5900000e+000  6.9932163e-001
  6.6000000e+000  9.6391953e-001
  6.6100000e+000  6.6286425e-001
  6.6200000e+000  6.0282554e-001
  6.6300000e+000  6.0610663e-001
  6.6400000e+000  7.3111574e-001
  6.6500000e+000  7.5666901e-001
  6.6600000e+000  6.2319099e-001
  6.6700000e+000  5.4391125e-001
  6.6800000e+000  6.6668275e-001
  6.6900000e+000  7.6176924e-001
  6.7000000e+000  6.5344402e-001
  6.7100000e+000  9.5309125e-001
  6.7200000e+000  7.2550114e-001
  6.7300000e+000  8.0916883e-001
  6.7400000e+000  8.9668594e-001
  6.7500000e+000  8.1331231e-001
  6.7600000e+000  6.8261167e-001
  6.7700000e+000  8.0186093e-001
  6.7800000e+000  6.8496496e-001
  6.7900000e+000  9.8511550e-001
  6.8000000e+000  9.4238868e-001
  6.8100000e+000  9.7591230e-001
  6.8200000e+000  8.1002549e-001
  6.8300000e+000  8.7374774e-001
  6.8400000e+000  8.1270271e-001
  6.8500000e+000  7.0923946e-001
  6.8600000e+000  8.5377693e-001
  6.8700000e+000  6.2708657e-001
  6.8800000e+000  9.2348508e-001
  6.8900000e+000  9.1291136e-001
  6.9000000e+000  7.4412449e-001
  6.9100000e+000  4.9921021e-001
  6.9200000e+000  6.9622631e-001
  6.9300000e+000  8.7630638e-001
  6.9400000e+000  9.0625317e-001
  6.9500000e+000  5.3249429e-001
  6.9600000e+000  9.1404842e-001
  6.9700000e+000  1.1837755e+000
  6.9800000e+000  6.3121029e-001
  6.9900000e+000  9.6647717e-001
  7.0000000e+000  7.7394112e-001
  7.0100000e+000  7.6869234e-001
  7.0200000e+000  8.1134009e-001
  7.0300000e+000  7.5245142e-001
  7.0400000e+000  6.4850315e-001
  7.0500000e+000  9.1462665e-001
  7.0600000e+000  6.0091448e-001
  7.0700000e+000  5.2391024e-001
  7.0800000e+000  6.2758271e-001
  7.0900000e+000  7.8698227e-001
  7.1000000e+000  6.8949804e-001
  7.1100000e+000  4.6751101e-001
  7.1200000e+000  5.3319343e-001
  7.1300000e+000  1.0110479e+000
  7.1400000e+000  6.9918567e-001
  7.1500000e+000  6.7100143e-001
  7.1600000e+000  9.8943869e-001
  7.1700000e+000  4.1244725e-001
  7.1800000e+000  9.3926004e-001
  7.1900000e+000  3.3297848e-001
  7.2000000e+000  8.2797251e-001
  7.2100000e+000  3.6883354e-001
  7.2200000e+000  7.4534865e-001
  7.2300000e+000  2.6162573e-001
  7.2400000e+000  7.8348522e-001
  7.2500000e+000  5.2658615e-001
  7.2600000e+000  1.0142518e+000
  7.2700000e+000  6.6854931e-001
  7.2800000e+000  7.0283821e-001
  7.2900000e+000  6.7839741e-001
  7.3000000e+000  5.9638615e-001
  7.3100000e+000  5.5442276e-001
  7.3200000e+000  5.7277772e-001
  7.3300000e+000  7.6157770e-001
  7.3400000e+000  7.8789128e-001
  7.3500000e+000  9.7167719e-001
  7.3600000e+000  9.6615603e-001
  7.3700000e+000  4.3453192e-001
  7.3800000e+000  4.0282074e-001
  7.3900000e+000  1.0131037e+000
  7.4000000e+000  6.8595895e-001
  7.4100000e+000  5.8118342e-001
  7.4200000e+000  7.1070161e-001
  7.4300000e+000  9.0664836e-001
  7.4400000e+000  9.7608513e-001
  7.4500000e+000  7.8170348e-001
  7.4600000e+000  6.6088132e-001
  7.4700000e+000  7.9032834e-001
  7.4800000e+000  6.2362641e-001
  7.4900000e+000  8.4447875e-001
  7.5000000e+000  1.1873447e+000
  7.5100000e+000  5.1589695e-001
  7.5200000e+000  6.9331040e-001
  7.5300000e+000  7.4203273e-001
  7.5400000e+000  7.5197472e-001
  7.5500000e+000  6.2493601e-001
  7.5600000e+000  1.0610382e+000
  7.5700000e+000  6.0810692e-001
  7.5800000e+000  6.2307376e-001
  7.5900000e+000  6.2440295e-001
  7.6000000e+000  4.9930246e-001
  7.6100000e+000  8.3398924e-001
  7.6200000e+000  4.3704031e-001
  7.6300000e+000  5.9450607e-001
  7.6400000e+000  6.8825917e-001
  7.6500000e+000  7.4014859e-001
  7.6600000e+000  7.5820194e-001
  7.6700000e+000  5.9901371e-001
  7.6800000e+000  8.3663001e-001
  7.6900000e+000  7.6981482e-001
  7.7000000e+000  4.5025607e-001
  7.7100000e+000  7.5251852e-001
  7.7200000e+000  4.5092648e-001
  7.7300000e+000  9.4481208e-001
  7.7400000e+000  9.7703338e-001
  7.7500000e+000  8.7714039e-001
  7.7600000e+000  3.5570954e-001
  7.7700000e+000  9.8126841e-001
  7.7800000e+000  6.4328234e-001
  7.7900000e+000  3.6240946e-001
  7.8000000e+000  9.0075346e-001
  7.8100000e+000  9.6166503e-001
  7.8200000e+000  6.4673821e-001
  7.8300000e+000  6.9431919e-001
  7.8400000e+000  9.0627454e-001
  7.8500000e+000  6.2646160e-001
  7.8600000e+000  6.3741099e-001
  7.8700000e+000  6.3374499e-001
  7.8800000e+000  2.9192984e-001
  7.8900000e+000  8.1288615e-001
  7.9000000e+000  8.8715396e-001
  7.9100000e+000  1.1398992e+000
  7.9200000e+000  8.1460844e-001
  7.9300000e+000  7.7870282e-001
  7.9400000e+000  5.2598064e-001
  7.9500000e+000  9.4455338e-001
  7.9600000e+000  5.7229720e-001
  7.9700000e+000  6.3961542e-001
  7.9800000e+000  8.1190654e-001
  7.9900000e+000  7.4837198e-001
  8.0000000e+000  5.1910307e-001
  8.0100000e+000  7.1013285e-001
  8.0200000e+000  6.0904532e-001
  8.0300000e+000  1.0583844e+000
  8.0400000e+000  9.7302889e-001
  8.0500000e+000  8.7446683e-001
  8.0600000e+000  5.8485013e-001
  8.0700000e+000  5.4415782e-001
  8.0800000e+000  8.1741837e-001
  8.0900000e+000  9.4054184e-001
  8.1000000e+000  5.9725910e-001
  8.1100000e+000  4.1518521e-001
  8.1200000e+000  8.2612845e-001
  8.1300000e+000  4.8803293e-001
  8.1400000e+000  5.0940238e-001
  8.1500000e+000  1.0047991e+000
  8.1600000e+000  3.0963261e-001
  8.1700000e+000  9.8344570e-001
  8.1800000e+000  8.3616994e-001
  8.1900000e+000  3.0828100e-001
  8.2000000e+000  6.6635689e-001
  8.2100000e+000  3.5556063e-001
  8.2200000e+000  9.2907840e-001
  8.2300000e+000  6.7511783e-001
  8.2400000e+000  1.0030108e+000
  8.2500000e+000  6.0623283e-001
  8.2600000e+000  5.8228748e-001
  8.2700000e+000  6.2269031e-001
  8.2800000e+000  9.4087779e-001
  8.2900000e+000  6.0601171e-001
  8.3000000e+000  6.9673603e-001
  8.3100000e+000  8.6823664e-001
  8.3200000e+000  9.9716123e-001
  8.3300000e+000  9.4272990e-001
  8.3400000e+000  7.4752244e-001
  8.3500000e+000  5.9266074e-001
  8.3600000e+000  6.8053292e-001
  8.3700000e+000  6.8158396e-001
  8.3800000e+000  9.2682252e-001
  8.3900000e+000  7.0134557e-001
  8.4000000e+000  1.1083050e+000
  8.4100000e+000  7.6516067e-001
  8.4200000e+000  3.0303218e-001
  8.4300000e+000  7.0249317e-001
  8.4400000e+000  7.5668828e-001
  8.4500000e+000  5.9293283e-001
  8.4600000e+000  8.5834035e-001
  8.4700000e+000  5.0142031e-001
  8.4800000e+000  5.5275633e-001
  8.4900000e+000  1.0223771e+000
  8.5000000e+000  7.9186817e-001
  8.5100000e+000  4.7264387e-001
  8.5200000e+000  7.9483614e-001
  8.5300000e+000  4.7193853e-001
  8.5400000e+000  8.9265176e-001
  8.5500000e+000  8.3943726e-001
  8.5600000e+000  7.8356558e-001
  8.5700000e+000  7.0692060e-001
  8.5800000e+000  6.9388518e-001
  8.5900000e+000  7.2602012e-001
  8.6000000e+000  9.5229137e-001
  8.6100000e+000  7.9158792e-001
  8.6200000e+000  1.1550363e+000
  8.6300000e+000  5.2682143e-001
  8.6400000e+000  7.9393097e-001
  8.6500000e+000  7.7798579e-001
  8.6600000e+000  8.3076131e-001
  8.6700000e+000  6.0609754e-001
  8.6800000e+000  4.5342490e-001
  8.6900000e+000  5.2389849e-001
  8.7000000e+000  6.9360349e-001
  8.7100000e+000  9.9213514e-001
  8.7200000e+000  6.7945045e-001
  8.7300000e+000  5.3839339e-001
  8.7400000e+000  8.4248172e-001
  8.7500000e+000  5.2380464e-001
  8.7600000e+000  6.7313025e-001
  8.7700000e+000  8.5910501e-001
  8.7800000e+000  8.2927885e-001
  8.7900000e+000  5.0224713e-001
  8.8000000e+000  7.3795337e-001
  8.8100000e+000  9.2580992e-001
  8.8200000e+000  7.0040749e-001
  8.8300000e+000  8.5825662e-001
  8.8400000e+000  5.8155225e-001
  8.8500000e+000  6.7513877e-001
  8.8600000e+000  5.5738968e-001
  8.8700000e+000  1.0776924e+000
  8.8800000e+000  7.0576189e-001
  8.8900000e+000  6.8885243e-001
  8.9000000e+000  7.2518314e-001
  8.9100000e+000  4.9889352e-001
  8.9200000e+000  1.3446424e+000
  8.9300000e+000  5.3591856e-001
  8.9400000e+000  5.3975744e-001
  8.9500000e+000  7.3711867e-001
  8.9600000e+000  9.0269386e-001
  8.9700000e+000  5.3870965e-001
  8.9800000e+000  8.8273815e-001
  8.9900000e+000  6.0270874e-001
  9.0000000e+000  7.4820634e-001
  9.0100000e+000  9.5501825e-001
  9.0200000e+000  5.7644703e-001
  9.0300000e+000  9.7550225e-001
  9.0400000e+000  9.3263463e-001
  9.0500000e+000  7.2594445e-001
  9.0600000e+000  8.0158009e-001
  9.0700000e+000  7.7280496e-001
  9.0800000e+000  1.1567167e+000
  9.0900000e+000  8.3309751e-001
  9.1000000e+000  7.8997120e-001
  9.1100000e+000  8.6780414e-001
  9.1200000e+000  6.2878810e-001
  9.1300000e+000  1.0419685e+000
  9.1400000e+000  8.7999199e-001
  9.1500000e+000  1.0651183e+000
  9.1600000e+000  8.4093784e-001
  9.1700000e+000  6.1175810e-001
  9.1800000e+000  4.7133855e-001
  9.1900000e+000  6.8791203e-001
  9.2000000e+000  6.4549864e-001
  9.2100000e+000  7.9412781e-001
  9.2200000e+000  7.1667539e-001
  9.2300000e+000  6.7739762e-001
  9.2400000e+000  6.7006150e-001
  9.2500000e+000  1.1394683e+000
  9.2600000e+000  5.0495682e-001
  9.2700000e+000  9.0888812e-001
  9.2800000e+000  6.5286494e-001
  9.2900000e+000  8.0185347e-001
  9.3000000e+000  6.4582891e-001
  9.3100000e+000  7.6846350e-001
  9.3200000e+000  8.6578425e-001
  9.3300000e+000  6.8431121e-001
  9.3400000e+000  4.6276133e-001
  9.3500000e+000  8.7421835e-001
  9.3600000e+000  7.7166357e-001
  9.3700000e+000  9.8434127e-001
  9.3800000e+000  9.9348023e-001
  9.3900000e+000  9.8504037e-001
  9.4000000e+000  4.4746866e-001
  9.4100000e+000  3.3520715e-001
  9.4200000e+000  6.9422571e-001
  9.4300000e+000  6.9961812e-001
  9.4400000e+000  6.9500990e-001
  9.4500000e+000  7.4090118e-001
  9.4600000e+000  1.0030629e+000
  9.4700000e+000  9.1967480e-001
  9.4800000e+000  7.8943137e-001
  9.4900000e+000  6.4573183e-001
  9.5000000e+000  7.5679442e-001
  9.5100000e+000  5.8777408e-001
  9.5200000e+000  1.0146848e+000
  9.5300000e+000  7.9074959e-001
  9.5400000e+000  7.8289044e-001
  9.5500000e+000  9.1120937e-001
  9.5600000e+000  7.6785396e-001
  9.5700000e+000  6.7581252e-001
  9.5800000e+000  8.1217762e-001
  9.5900000e+000  4.5656883e-001
  9.6000000e+000  7.8438582e-001
  9.6100000e+000  6.2544722e-001
  9.6200000e+000  8.2681218e-001
  9.6300000e+000  8.8182590e-001
  9.6400000e+000  7.4110361e-001
  9.6500000e+000  7.4696695e-001
  9.6600000e+000  6.7683377e-001
  9.6700000e+000  1.0545583e+000
  9.6800000e+000  6.6836371e-001
  9.6900000e+000  5.8774308e-001
  9.7000000e+000  6.2849542e-001
  9.7100000e+000  8.1478938e-001
  9.7200000e+000  7.3861746e-001
  9.7300000e+000  6.7612270e-001
  9.7400000e+000  9.5024949e-001
  9.7500000e+000  8.7862972e-001
  9.7600000e+000  9.9028635e-001
  9.7700000e+000  9.9851544e-001
  9.7800000e+000  1.0293185e+000
  9.7900000e+000  7.8858951e-001
  9.8000000e+000  9.5901676e-001
  9.8100000e+000  7.0981607e-001
  9.8200000e+000  8.1736271e-001
  9.8300000e+000  6.1524040e-001
  9.8400000e+000  1.0810516e+000
  9.8500000e+000  7.1181115e-001
  9.8600000e+000  9.1631361e-001
  9.8700000e+000  6.6057775e-001
  9.8800000e+000  4.7225360e-001
  9.8900000e+000  4.7664302e-001
  9.9000000e+000  5.6200692e-001
  9.9100000e+000  8.7900113e-001
  9.9200000e+000  7.2487286e-001
  9.9300000e+000  1.0185527e+000
  9.9400000e+000  8.9784447e-001
  9.9500000e+000  1.0950910e+000
  9.9600000e+000  7.7582492e-001
  9.9700000e+000  7.3404931e-001
  9.9800000e+000  9.1987069e-001
  9.9900000e+000  5.5044872e-001
  1.0000000e+001  7.6081485e-001
  1.0010000e+001  7.0690946e-001
  1.0020000e+001  6.5780427e-001
  1.0030000e+001  7.3747072e-001
  1.0040000e+001  1.0267694e+000
  1.0050000e+001  1.0609927e+000
  1.0060000e+001  8.5703154e-001
  1.0070000e+001  9.3016982e-001
  1.0080000e+001  1.1351553e+000
  1.0090000e+001  6.0122103e-001
  1.0100000e+001  7.5122267e-001
  1.0110000e+001  6.5444483e-001
  1.0120000e+001  6.0724794e-001
  1.0130000e+001  7.2907830e-001
  1.0140000e+001  7.8154581e-001
  1.0150000e+001  1.0447309e+000
  1.0160000e+001  1.0681629e+000
  1.0170000e+001  1.0012278e+000
  1.0180000e+001  6.9295397e-001
  1.0190000e+001  4.5223321e-001
  1.0200000e+001  1.0399879e+000
  1.0210000e+001  7.9646475e-001
  1.0220000e+001  6.4428064e-001
  1.0230000e+001  7.1900508e-001
  1.0240000e+001  9.2083013e-001
  1.0250000e+001  7.4423535e-001
  1.0260000e+001  9.8616996e-001
  1.0270000e+001  8.7449400e-001
  1.0280000e+001  8.6981461e-001
  1.0290000e+001  1.0672160e+000
  1.0300000e+001  4.4340546e-001
  1.0310000e+001  7.7583131e-001
  1.0320000e+001  9.5995453e-001
  1.0330000e+001  8.1384241e-001
  1.0340000e+001  7.3500317e-001
  1.0350000e+001  9.8683853e-001
  1.0360000e+001  7.1239680e-001
  1.0370000e+001  6.7328562e-001
  1.0380000e+001  6.4533606e-001
  1.0390000e+001  9.6105957e-001
  1.0400000e+001  8.2040262e-001
  1.0410000e+001  1.0076089e+000
  1.0420000e+001  7.0011912e-001
  1.0430000e+001  7.6661901e-001
  1.0440000e+001  7.8909489e-001
  1.0450000e+001  4.7410799e-001
  1.0460000e+001  6.2635137e-001
  1.0470000e+001  6.9511645e-001
  1.0480000e+001  4.2881379e-001
  1.0490000e+001  6.1559025e-001
  1.0500000e+001  8.0583248e-001
  1.0510000e+001  7.2724202e-001
  1.0520000e+001  1.0342752e+000
  1.0530000e+001  6.8455627e-001
  1.0540000e+001  5.8890875e-001
  1.0550000e+001  9.5492620e-001
  1.0560000e+001  7.7345351e-001
  1.0570000e+001  8.3180627e-001
  1.0580000e+001  5.5152215e-001
  1.0590000e+001  7.4972125e-001
  1.0600000e+001  3.7421172e-001
  1.0610000e+001  8.4416246e-001
  1.0620000e+001  9.9821648e-001
  1.0630000e+001  9.4261636e-001
  1.0640000e+001  8.4489210e-001
  1.0650000e+001  1.0802738e+000
  1.0660000e+001  7.8792995e-001
  1.0670000e+001  7.9949634e-001
  1.0680000e+001  8.3410141e-001
  1.0690000e+001  7.2017675e-001
  1.0700000e+001  7.8764362e-001
  1.0710000e+001  6.1166197e-001
  1.0720000e+001  6.1798048e-001
  1.0730000e+001  9.8607179e-001
  1.0740000e+001  4.7650828e-001
  1.0750000e+001  7.9233772e-001
  1.0760000e+001  8.9683700e-001
  1.0770000e+001  7.9935931e-001
  1.0780000e+001  7.0552629e-001
  1.0790000e+001  5.5062297e-001
  1.0800000e+001  8.0100004e-001
  1.0810000e+001  8.4987795e-001
  1.0820000e+001  7.6045913e-001
  1.0830000e+001  7.8387330e-001
  1.0840000e+001  4.7957822e-001
  1.0850000e+001  8.6882911e-001
  1.0860000e+001  9.2108404e-001
  1.0870000e+001  5.3426294e-001
  1.0880000e+001  8.8846148e-001
  1.0890000e+001  8.4606895e-001
  1.0900000e+001  5.9591367e-001
  1.0910000e+001  1.1508018e+000
  1.0920000e+001  6.0212800e-001
  1.0930000e+001  1.3523590e+000
  1.0940000e+001  7.6931616e-001
  1.0950000e+001  1.0949798e+000
  1.0960000e+001  7.0471882e-001
  1.0970000e+001  5.3939157e-001
  1.0980000e+001  7.1558515e-001
  1.0990000e+001  5.7856082e-001
  1.1000000e+001  8.4525136e-001
  1.1010000e+001  6.1150139e-001
  1.1020000e+001  7.6408978e-001
  1.1030000e+001  7.2367321e-001
  1.1040000e+001  3.8104328e-001
  1.1050000e+001  9.4679195e-001
  1.1060000e+001  7.6573977e-001
  1.1070000e+001  6.9723005e-001
  1.1080000e+001  9.1380972e-001
  1.1090000e+001  7.1849753e-001
  1.1100000e+001  4.7604454e-001
  1.1110000e+001  5.1604141e-001
  1.1120000e+001  2.6583018e-001
  1.1130000e+001  8.6228720e-001
  1.1140000e+001  1.0976417e+000
  1.1150000e+001  8.0624398e-001
  1.1160000e+001  8.8054940e-001
  1.1170000e+001  6.8479187e-001
  1.1180000e+001  9.3736110e-001
  1.1190000e+001  1.1278443e+000
  1.1200000e+001  6.8581345e-001
  1.1210000e+001  1.0064527e+000
  1.1220000e+001  1.0114185e+000
  1.1230000e+001  1.0638393e+000
  1.1240000e+001  8.5808515e-001
  1.1250000e+001  7.9387184e-001
  1.1260000e+001  9.0341884e-001
  1.1270000e+001  7.2731389e-001
  1.1280000e+001  8.4003964e-001
  1.1290000e+001  8.2205418e-001
  1.1300000e+001  9.4432090e-001
  1.1310000e+001  1.0920938e+000
  1.1320000e+001  7.0768215e-001
  1.1330000e+001  1.0119420e+000
  1.1340000e+001  7.2931244e-001
  1.1350000e+001  7.1089995e-001
  1.1360000e+001  7.5498088e-001
  1.1370000e+001  6.0362187e-001
  1.1380000e+001  8.8355375e-001
  1.1390000e+001  5.9696405e-001
  1.1400000e+001  7.0771764e-001
  1.1410000e+001  6.3189529e-001
  1.1420000e+001  7.3714414e-001
  1.1430000e+001  1.0193922e+000
  1.1440000e+001  7.8156244e-001
  1.1450000e+001  8.9488170e-001
  1.1460000e+001  7.2698972e-001
  1.1470000e+001  9.8505995e-001
  1.1480000e+001  8.5838018e-001
  1.1490000e+001  8.3035721e-001
  1.1500000e+001  7.2933698e-001
  1.1510000e+001  9.4183173e-001
  1.1520000e+001  1.1187214e+000
  1.1530000e+001  9.0920563e-001
  1.1540000e+001  1.0626634e+000
  1.1550000e+001  6.4688197e-001
  1.1560000e+001  3.4485214e-001
  1.1570000e+001  9.6591409e-001
  1.1580000e+001  5.5794083e-001
  1.1590000e+001  5.6396085e-001
  1.1600000e+001  6.9283276e-001
  1.1610000e+001  8.6274625e-001
  1.1620000e+001  8.1112854e-001
  1.1630000e+001  8.4413000e-001
  1.1640000e+001  1.2295717e+000
  1.1650000e+001  1.0032428e+000
  1.1660000e+001  9.3250212e-001
  1.1670000e+001  6.9061669e-001
  1.1680000e+001  8.6475253e-001
  1.1690000e+001  1.0945431e+000
  1.1700000e+001  7.2130756e-001
  1.1710000e+001  5.9768803e-001
  1.1720000e+001  7.5305406e-001
  1.1730000e+001  8.2604598e-001
  1.1740000e+001  2.3488319e-001
  1.1750000e+001  7.7012841e-001
  1.1760000e+001  5.4015904e-001
  1.1770000e+001  6.1898239e-001
  1.1780000e+001  4.8544376e-001
  1.1790000e+001  5.5712366e-001
  1.1800000e+001  5.1245719e-001
  1.1810000e+001  8.0442614e-001
  1.1820000e+001  5.6959270e-001
  1.1830000e+001  7.7835600e-001
  1.1840000e+001  9.6662621e-001
  1.1850000e+001  6.5055675e-001
  1.1860000e+001  6.9214269e-001
  1.1870000e+001  8.0993239e-001
  1.1880000e+001  4.7627049e-001
  1.1890000e+001  8.4687864e-001
  1.1900000e+001  4.5863524e-001
  1.1910000e+001  1.0529538e+000
  1.1920000e+001  1.1751202e+000
  1.1930000e+001  6.6944090e-001
  1.1940000e+001  8.1289461e-001
  1.1950000e+001  1.0850402e+000
  1.1960000e+001  9.6611740e-001
  1.1970000e+001  8.3483135e-001
  1.1980000e+001  5.9413629e-001
  1.1990000e+001  5.0612327e-001
  1.2000000e+001  7.3945309e-001
  1.2010000e+001  6.9593080e-001
  1.2020000e+001  7.5555111e-001
  1.2030000e+001  8.0038965e-001
  1.2040000e+001  8.2508442e-001
  1.2050000e+001  9.1830917e-001
  1.2060000e+001  8.3604581e-001
  1.2070000e+001  7.2588044e-001
  1.2080000e+001  8.5655871e-001
  1.2090000e+001  5.6110261e-001
  1.2100000e+001  9.4724064e-001
  1.2110000e+001  1.1656722e+000
  1.2120000e+001  2.7466338e-001
  1.2130000e+001  6.1756736e-001
  1.2140000e+001  9.4420681e-001
  1.2150000e+001  4.6520464e-001
  1.2160000e+001  7.3491391e-001
  1.2170000e+001  9.3415099e-001
  1.2180000e+001  8.6001442e-001
  1.2190000e+001  8.0384054e-001
  1.2200000e+001  1.0808088e+000
  1.2210000e+001  8.8120171e-001
  1.2220000e+001  1.0787465e+000
  1.2230000e+001  9.3748283e-001
  1.2240000e+001  6.7279768e-001
  1.2250000e+001  8.8034484e-001
  1.2260000e+001  6.0331915e-001
  1.2270000e+001  8.8778090e-001
  1.2280000e+001  8.2030015e-001
  1.2290000e+001  5.4977059e-001
  1.2300000e+001  1.0091339e+000
  1.2310000e+001  5.4185102e-001
  1.2320000e+001  4.6100444e-001
  1.2330000e+001  4.4418149e-001
  1.2340000e+001  8.2659267e-001
  1.2350000e+001  4.0124626e-001
  1.2360000e+001  8.6108762e-001
  1.2370000e+001  6.3279833e-001
  1.2380000e+001  6.8128066e-001
  1.2390000e+001  7.2891120e-001
  1.2400000e+001  9.3060912e-001
  1.2410000e+001  4.1857180e-001
  1.2420000e+001  6.4107035e-001
  1.2430000e+001  1.0609418e+000
  1.2440000e+001  6.6997148e-001
  1.2450000e+001  5.1293905e-001
  1.2460000e+001  1.0413294e+000
  1.2470000e+001  6.9803473e-001
  1.2480000e+001  1.2168225e+000
  1.2490000e+001  8.2279222e-001
  1.2500000e+001  7.9818364e-001
